19939177
19921133
19972062
19985682
20017251
20008973
20033684
20083175
20078791
20105747
20136866
20179846
20188979
20255173
20225382
20205362
20308532
20272745
20327031
20361756
20374210
20383231
20420494
20429456
20469265
20481315
20520872
20533540
20547904
20600565
20615797
20644508
20641378
20662259
20686469
20692558
20847916
20840036
20917087
20917556
20940940
20952470
20990184
21002102
21034892
21053783
21067799
21090755
21127557
21114361
21162784
21227672
21229174
21251993
21271787
21283141
21295366
21332039
21330196
21360074
21364331
21377901
21514778
21553235
21581376
21592428
21605896
21649288
21644397
21664893
21693689
21708008
21732005
21744983
21794022
21806963
21835884
21829845
21848213
21877993
21889351
21932373
21925498
21947456
22008998
22033605
22070133
22091461
22114933
22135504
22181050
22223324
22238796
22259474
22270854
22300204
22316262
22327012
22350719
22372720
22383272
22406185
22415236
22451752
22462129
22472501
22524441
22533706
22554614
22575494
22603203
22630695
22641187
22661565
22680061
22683013
22725165
22725215
22750328
22768464
22789491
22824815
22830309
22852741
22872956
22886129
22895771
22934892
22935234
22953065
22995625
22993827
23019594
23080176
23098718
23141435
23187928
23213009
23237928
23280439
23307927
