728714834869223505
726512710638895110
726888537466601507
727135695658811408
729771383940186180
726083742206001169
728714199215112240
729815600621158400
728764901291458691
726745132790972423
723538797974782153
730443370219962409
729840975295283303
720560440011128840
723422546102321177
726762570369728549
725365834101293065
723081152029523974
723515807027429417
727221345878802432
721539525059280952
723083939464347653
721264891971764263
729447195512668193
721239620369514520
722692113887658021
726105470439260211
726855998781784070
729789616076357705
730503839060328454
730541166620049408
730842913860222985
730820910742765576
729042381953826818
730871780317593609
635932563238551585
728704917788688453
720556875190370304
729090812011348055
726743904449200149
728662217225928726
727125108547649542
728768758183624705
726740846432485376
729431652019732489
726773586966085650
729410838614507542
727247691221827603
730454919382827041
730109543885832265
726113214263197697
730110119408304151
724533521003053076
724998434032975905
720558584587354152
720919993206702097
721542007561912326
720874835932086307
721639052343771205
724140183596826664
721943290646102067
720799158604136467
723846141552099384
720964695225270274
730082352455221315
725366821956354137
720807838725701654
721236339034423296
722010790345834553
721217887850725379
721239225238814745
721549004046860296
721265029415960580
723773603832659969
724918925598392358
725013994695295061
724946490698498064
727261778700927011
728649869201244163
725746359637901353
725268566003154967
721176840840937513
721922412809027604
721554501608144915
724511178571644950
721187148768739365
721187475191496707
721186551760945155
721904721833492537
721920643283550230
722880538409435143
721942285617463352
721189197460799497
721294591671664643
721203203337617409
722016640090243081
721654673132486695
723136797640491057
723416919695163417
723413900340494336
723525311778521140
727211110976978947
721987318347464708
729000441596084258
729003125959032838
720867921029496868
721548858036846614
721296386966945795
724924191224102920
720886964915535896
720870442180542473
721627924081410099
724149971821002786
723088827135033347
720876785827315719
722008204769230881
720877026353872950
721237361238736898
721288329602007109
721293371887321113
721169243043790865
721252805925404743
724596987710668809
722008861912858712
729707753992355861
725755860088782887
728662444859195392
726434628130308098
728332514065645623
729416129995341829
720947962021150740
724201910855270468
724565041761746950
724509572260167688
722051120087695362
728256969873293332
728257042887737367
726080439349936153
723401981786325000
731200547191783457
720586793932554242
726526471723548705
726847636479410263
729773003127128070
720915848558018566
727141407961121025
723475331235708978
723156021895233637
727219408868474903
729772792688410660
720444776563867651
727211381560967188
728312585417392147
729798115803004944
724676143970517013
721252621255442439
723087916617695255
721561785873727529
721311681333952535
722320994350399493
721270763199397923
723523890138054665
723152512906952768
721267507600556037
721923632572399632
721949952134086711
721265957117362263
723861843939950608
722114324826423334
724268792079712280
727546861467992112
730110076462825488
723521781310160947
723789143027482658
723528584550940728
726810785665253427
727541720380604469
726471899853357065
723534949691424816
723862664267169800
723779144343617561
729829198492860469
724926746735935555
724619720985149441
724618625766391808
723747975774339080
723767805638344723
723752524145754113
727232860690317314
726381194447421445
724885600927219766
726483921469964289
727220151877894148
727172606590976051
720437165862944801
720794258046451747
729878169699483830
726452336299343896
729416353353564167
725363321565347989
727218768903667728
728975251621281797
724870937917259795
723035797175926808
719142224638509108
721950557738106887
726473789642113031
