28458258
28483902
28533594
28575820
28617669
28644272
28733421
28776465
28775040
28749739
28848408
28896114
28935580
28935784
28965954
28963788
29000317
28999051
29039528
29034856
29136781
29131691
29317136
29308086
29743604
29742030
29922859
29921789
30025006
30027546
30276881
30214140
30272262
30544228
30535869
30760519
30840629
30835141
30948764
30965029
30945310
31018069
31493864
31482803
31423590
31751533
31745935
31707716
32212232
32208858
32458621
32638093
32627452
32719799
32722051
33019148
33185149
33183642
33280202
33381564
33421106
33418014
33399822
33669289
33667390
33801565
33802450
33890935
33890812
33966270
33960348
34334770
34335990
38191721
38706527
38798437
39063107
39095542
39130209
39313831
39328000
39359930
39402218
39801861
39829357
39840303
39862807
39923200
39932393
39954034
39960878
39968936
39980325
39999848
40035639
40065516
40095187
40101334
40111874
40143165
40161704
40168088
40189295
40209448
40238241
40271783
40304474
40324858
40336795

40362152
40381138
40401799
40423333
40436850
40493553
40537267
40634874
40694610
40789620
40860406
40982117






































































































































































































































































































































































































































































































































































































































































































































